10 22 0.00048823944840190535
10 23 0.00032389293091366847
10 38 -0.00041052375929789164
10 70 0.0002530114810856974
10 72 -0.00026079145798053334
10 96 0.0003159896823330246
60 5 0.0006899077302811616
60 10 0.00017489661639857486
60 15 0.00019480417501511687
60 24 0.0003421621485658389
60 53 0.0004276056958973047
60 58 0.0004960763656031029
60 97 0.00012969855880952077
96 6 0.0006081993898607419
96 21 0.00017388058780345723
96 22 0.0004746523113299245
96 26 0.0004713155778010418
96 43 0.0005636962572371491
96 80 0.0005709917764930815
96 91 0.0005621496322669963
